50
630.998 296.910 915.128 288.990
915.128 288.990 910.178 519.660
910.178 519.660 611.198 523.620
611.198 523.620 561.698 515.700
561.698 515.700 522.098 522.630
522.098 522.630 496.358 537.480
496.358 537.480 449.828 541.440
449.828 541.440 413.198 537.480
413.198 537.480 374.588 549.360
374.588 549.360 352.610 579.852
352.610 579.852 352.613 764.982
352.613 764.982 136.790 757.062
136.790 757.062 120.950 578.862
120.950 578.862 86.300 557.082
86.300 557.082 53.630 456.102
53.630 456.102 55.610 382.842
55.610 382.842 43.730 290.772
43.730 290.772 53.828 186.822
53.828 186.822 100.358 98.712
100.358 98.712 149.858 67.032
149.858 67.032 341.918 41.292
341.918 41.292 497.348 56.142
497.348 56.142 618.524 27.036
618.524 27.036 722.474 34.956
722.474 34.956 836.324 33.966
836.324 33.966 946.412 36.936
946.412 36.936 996.902 93.366
996.902 93.366 1008.782 115.146
1008.782 115.146 998.882 145.836
998.882 145.836 922.652 207.216
922.652 207.216 875.132 228.996
875.132 228.996 795.932 241.866
795.932 241.866 660.302 258.696
660.302 258.696 587.042 275.526
587.042 275.526 552.986 330.768
552.986 330.768 532.196 339.678
532.196 339.678 502.496 342.648
502.496 342.648 487.646 366.408
487.646 366.408 491.606 401.058
491.606 401.058 525.266 434.718
525.266 434.718 585.656 437.688
585.656 437.688 611.396 428.778
611.396 428.778 621.296 365.418
621.296 365.418 621.296 320.868
621.296 320.868 630.306 296.941
336.413 289.512 445.725 287.450
280.038 407.075 391.413 405.700
130.850 328.012 240.163 326.637
181.038 184.325 290.350 181.575
345.854 766.957 355.332 758.175
