20
551.388 283.292 841.294 283.955
841.294 283.955 841.626 309.484
841.626 309.484 551.388 309.087
551.388 309.087 551.391 283.557
136.660 181.851 136.262 206.519
136.262 206.519 465.848 206.837
136.262 181.056 465.928 181.692
465.928 181.692 465.530 205.166
42.323 -0.865 42.686 468.660
42.208 468.660 683.493 468.564
683.493 468.564 683.016 456.151
683.016 456.151 872.556 456.153
872.556 456.151 872.078 468.087
872.078 468.087 983.319 468.564
983.319 468.564 983.350 -0.612
42.094 -0.177 982.021 -0.635
327.659 371.882 503.048 371.219
503.048 371.219 503.050 401.721
503.048 401.721 327.659 401.058
327.659 401.058 327.990 371.219
