20
551.388 283.292 841.294 283.955
841.294 283.955 841.626 309.484
841.626 309.484 551.388 309.087
551.388 309.087 551.388 283.557
136.660 181.851 136.262 206.519
136.262 206.519 465.848 206.837
136.262 181.056 465.928 181.692
465.928 181.692 465.530 205.166
42.323 -0.865 42.686 468.660
42.208 468.660 683.493 468.564
683.493 468.564 683.016 456.151
683.016 456.151 872.556 456.151
872.556 456.151 872.078 468.087
872.078 468.087 983.319 468.564
983.319 468.564 983.350 -0.612
42.094 -0.177 982.021 -0.635
327.521 401.094 327.521 371.302
327.521 371.302 501.687 371.302
501.687 371.875 501.115 401.094
501.115 401.094 329.240 401.667
